52 40 48 18 30 p09 x3
27 68 12 43 29 p01 x2
20 15 31 40 29 p01 x2
57 62 69 49 48 p19 x3
57 32 30 42 56 p11 x4
20 31 56 64 60 p02 x3
56 62 54 63 04 p10 x2
09 47 20 25 68 p07 x2
12 02 17 20 65 p17 x4
50 53 07 16 25 p15 x2
26 04 32 55 64 p18 x3
66 37 22 14 45 p05 x3
40 17 46 69 41 p06 x2
37 57 47 50 52 p21 x3
53 16 69 58 29 p21 x2
47 02 66 67 06 p02 x3
14 18 19 64 32 p09 x2
47 33 68 27 13 p13 x2
16 46 10 56 07 p01 x2
62 02 30 19 14 p22 x2
09 42 10 55 32 p06 x2
30 68 59 41 28 p10 x2
67 16 63 38 55 p25 x4
65 40 44 59 27 p20 x2
12 61 54 38 36 p22 x3
42 15 06 05 29 p10 x2
47 02 63 62 11 p17 x3
32 16 19 57 34 p13 x3
08 27 34 04 19 p10 x2
61 52 51 64 03 p06 x2
44 05 39 69 47 p24 x5
32 22 40 69 34 p19 x4
40 52 03 67 12 p21 x2
16 05 12 31 43 p18 x4
26 60 67 31 28 p23 x3
13 04 36 32 52 p08 x3
02 62 40 50 03 p05 x2
07 15 36 18 19 p20 x2
29 27 07 40 17 p25 x2
54 12 11 16 15 p25 x5
67 21 65 31 64 p05 x3
22 11 53 21 10 p18 x3
62 52 13 12 44 p06 x2
03 34 27 59 69 p19 x2
32 34 14 23 68 p03 x3
28 11 50 57 62 p23 x2
46 50 12 13 10 p21 x3
11 60 23 54 43 p03 x3
22 15 49 05 08 p25 x3
23 42 68 52 11 p06 x3
55 24 63 53 44 p19 x2
09 61 28 40 30 p03 x2
65 28 49 60 04 p25 x2
14 23 41 61 22 p09 x3
30 35 38 33 64 p22 x3
32 03 25 51 18 p03 x2
62 30 12 25 52 p08 x3
46 62 59 35 19 p13 x5
25 39 64 02 33 p17 x2
32 16 03 34 12 p14 x3
47 69 30 66 57 p03 x3
25 66 44 05 26 p09 x2
69 32 52 66 20 p23 x3
64 27 65 13 47 p09 x3
25 67 39 23 54 p11 x3
09 32 05 07 23 p26 x4
64 24 59 41 11 p15 x3
06 34 33 59 58 p12 x2
40 69 33 23 30 p12 x5
20 16 43 64 22 p17 x2
37 69 12 25 60 p20 x3
36 58 27 41 20 p07 x2
33 04 24 31 22 p10 x2
53 02 23 63 41 p11 x2
14 42 43 52 40 p17 x3
36 03 56 69 27 p25 x2
29 37 23 64 60 p06 x2
63 39 59 34 10 p04 x2
66 57 02 31 24 p18 x3
32 28 10 64 61 p12 x3
57 15 29 03 54 p10 x3
11 50 40 17 62 p26 x2
06 58 66 25 35 p05 x2
39 05 35 07 23 p11 x2
10 47 68 65 50 p24 x2
32 21 17 23 11 p05 x2
66 27 11 09 67 p02 x3
52 33 47 36 20 p12 x3
64 56 61 23 67 p12 x5
44 38 64 69 60 p06 x2
44 49 33 50 52 p08 x3
68 03 21 06 60 p24 x2
25 11 09 65 64 p16 x3
48 32 63 04 49 p20 x2
10 56 24 61 05 p12 x2
39 59 07 67 50 p25 x3
23 55 33 22 29 p21 x2
10 31 23 28 11 p14 x2
51 19 09 62 55 p14 x4
63 67 01 69 28 p17 x4
15 07 29 41 20 p22 x2
30 53 62 38 52 p01 x3
12 64 50 61 02 p01 x2
60 29 18 27 08 p15 x2
03 64 68 61 54 p09 x2
34 44 30 16 37 p16 x2
64 49 57 23 67 p20 x2
43 63 06 38 10 p23 x2
01 55 33 28 56 p22 x2
48 56 02 16 03 p24 x2
42 48 20 21 19 p23 x3
18 54 61 13 37 p05 x2
31 50 69 21 51 p08 x3
28 31 54 25 01 p02 x2
20 08 27 52 17 p24 x2
28 61 63 41 65 p07 x2
24 61 43 16 28 p21 x2
07 61 41 47 32 p03 x2
21 17 37 44 19 p16 x2
03 45 25 14 18 p07 x2
27 26 33 08 10 p22 x2
49 64 48 41 53 p20 x2
32 21 12 44 66 p15 x2
39 18 66 37 26 p15 x3
16 40 08 48 01 p10 x2
25 68 40 54 33 p03 x5
38 52 42 51 28 p21 x2
30 23 44 58 16 p04 x2
01 28 03 67 57 p09 x2
17 16 42 41 29 p04 x3
37 63 12 24 03 p10 x2
01 16 13 43 03 p24 x2
55 69 23 64 59 p13 x5
41 09 58 40 53 p12 x2
45 25 23 67 52 p02 x2
18 62 66 68 28 p22 x2
39 12 49 69 20 p17 x2
09 60 64 43 57 p10 x2
52 17 16 13 06 p25 x3
49 20 42 14 66 p05 x2
37 64 17 09 05 p02 x2